1,1,122.88,331.37,142.18,59.14999999999998,1,1,1.0
1,2,209.23,247.56,95.81000000000003,46.56999999999999,1,1,1.0
1,3,734.84,266.19,73.18999999999994,38.589999999999975,1,1,1.0
1,4,553.87,242.23,42.59000000000003,42.59,1,1,1.0
2,1,93.06,335.0,142.18,59.14999999999998,1,1,1.0
2,2,205.24,247.56,95.81,46.56999999999999,1,1,1.0
2,3,720.21,266.19,73.17999999999995,38.589999999999975,1,1,1.0
2,4,548.55,242.24,42.58000000000004,42.579999999999984,1,1,1.0
3,1,72.98,339.54,142.18,59.14999999999998,1,1,1.0
3,2,207.9,247.56,95.80999999999997,46.56999999999999,1,1,1.0
3,3,710.89,266.19,73.19000000000005,38.589999999999975,1,1,1.0
3,4,544.12,242.24,42.58000000000004,42.579999999999984,1,1,1.0
4,1,49.38,342.72,142.18,59.139999999999986,1,1,1.0
4,2,207.9,247.56,95.80999999999997,46.56999999999999,1,1,1.0
4,3,697.59,271.51,73.17999999999995,38.59000000000003,1,1,1.0
4,4,539.68,242.24,42.58000000000004,42.579999999999984,1,1,1.0
5,1,25.79,345.89,142.18,59.150000000000034,1,1,1.0
5,2,207.9,247.56,95.80999999999997,46.56999999999999,1,1,1.0
5,3,681.62,274.17,73.17999999999995,38.589999999999975,1,1,1.0
5,4,535.25,242.24,42.58000000000004,42.579999999999984,1,1,1.0
6,1,4.02,354.06,142.17999999999998,59.139999999999986,1,1,1.0
6,2,207.9,247.56,95.80999999999997,46.56999999999999,1,1,1.0
6,3,669.64,278.16,73.19000000000005,38.589999999999975,1,1,1.0
6,4,535.25,248.4,28.850000000000023,36.41999999999999,1,1,1.0
7,1,0.0,356.78,121.2,59.150000000000034,1,1,1.0
7,2,207.9,247.56,95.80999999999997,46.56999999999999,1,1,1.0
7,3,657.02,278.16,73.18000000000006,38.589999999999975,1,1,1.0
7,4,529.42,248.4,28.850000000000023,36.41999999999999,1,1,1.0
8,1,0.0,356.78,98.6,59.150000000000034,1,1,1.0
8,2,207.9,247.56,95.80999999999997,46.56999999999999,1,1,1.0
8,3,641.47,280.1,73.18999999999994,38.589999999999975,1,1,1.0
8,4,525.53,248.4,28.860000000000014,36.41999999999999,1,1,1.0
9,1,0.0,356.78,73.3,59.150000000000034,1,1,1.0
9,2,207.9,247.56,95.80999999999997,46.56999999999999,1,1,1.0
9,3,628.85,283.02,73.17999999999995,38.59000000000003,1,1,1.0
9,4,521.65,248.4,28.850000000000023,36.41999999999999,1,1,1.0
10,1,0.0,356.78,54.7,59.150000000000034,1,1,1.0
10,2,207.9,247.56,95.80999999999997,46.56999999999999,1,1,1.0
10,3,610.39,285.93,73.19000000000005,38.589999999999975,1,1,1.0
10,4,512.91,249.37,28.850000000000023,36.420000000000016,1,1,1.0
11,1,0.0,356.78,28.1,59.150000000000034,1,1,1.0
11,2,207.9,247.56,95.80999999999997,46.56999999999999,1,1,1.0
11,3,599.71,287.87,73.18999999999994,38.589999999999975,1,1,1.0
11,4,504.17,250.34,28.849999999999966,36.41999999999999,1,1,1.0
12,2,207.9,247.56,95.80999999999997,46.56999999999999,1,1,1.0
12,3,577.4,290.79,80.93000000000006,38.589999999999975,1,1,1.0
12,4,501.25,249.37,28.860000000000014,36.420000000000016,1,1,1.0
13,2,207.9,247.56,95.80999999999997,46.56999999999999,1,1,1.0
13,3,566.72,291.76,80.91999999999996,38.59000000000003,1,1,1.0
13,4,498.34,249.37,28.85000000000008,36.420000000000016,1,1,1.0
14,2,207.9,247.56,95.80999999999997,46.56999999999999,1,1,1.0
14,3,552.15,291.76,80.92000000000007,38.59000000000003,1,1,1.0
14,4,495.43,249.37,28.849999999999966,36.420000000000016,1,1,1.0
15,2,207.9,247.56,95.80999999999997,46.56999999999999,1,1,1.0
15,3,533.69,294.67,80.92999999999995,46.329999999999984,1,1,1.0
15,4,486.69,249.37,28.849999999999966,36.420000000000016,1,1,1.0
16,2,207.9,247.56,95.80999999999997,46.56999999999999,1,1,1.0
16,3,521.07,294.67,80.91999999999996,46.329999999999984,1,1,1.0
16,4,480.86,249.37,28.849999999999966,36.420000000000016,1,1,1.0
17,2,207.9,247.56,95.80999999999997,46.56999999999999,1,1,1.0
17,3,502.61,296.62,80.92999999999995,46.31999999999999,1,1,1.0
17,4,473.09,249.37,28.850000000000023,36.420000000000016,1,1,1.0
18,2,207.9,247.56,95.80999999999997,46.56999999999999,1,1,1.0
18,3,471.5,301.47,97.5,46.329999999999984,1,1,1.0
18,4,464.35,249.37,28.849999999999966,36.420000000000016,1,1,1.0
19,2,207.9,247.56,95.80999999999997,46.56999999999999,1,1,1.0
19,3,456.93,302.44,97.49999999999994,46.329999999999984,1,1,1.0
19,4,451.72,249.37,28.849999999999966,36.420000000000016,1,1,1.0
20,2,207.9,247.56,95.80999999999997,46.56999999999999,1,1,1.0
20,3,442.36,304.39,97.5,46.31999999999999,1,1,1.0
20,4,447.83,249.37,28.860000000000014,36.420000000000016,1,1,1.0
21,2,207.9,247.56,95.80999999999997,46.56999999999999,1,1,1.0
21,3,427.79,309.24,97.49999999999994,46.329999999999984,1,1,1.0
21,4,444.43,249.37,28.860000000000014,36.420000000000016,1,1,1.0
22,2,207.9,247.56,95.80999999999997,46.56999999999999,1,1,1.0
22,3,410.31,314.1,97.5,46.329999999999984,1,1,1.0
22,4,441.04,249.37,28.849999999999966,36.420000000000016,1,1,1.0
23,2,207.9,247.56,95.80999999999997,46.56999999999999,1,1,1.0
23,3,393.8,315.07,97.5,46.329999999999984,1,1,1.0
23,4,434.24,247.43,28.849999999999966,36.420000000000016,1,1,1.0
24,2,207.9,247.56,95.80999999999997,46.56999999999999,1,1,1.0
24,3,376.31,317.99,97.5,46.31999999999999,1,1,1.0
24,4,426.47,247.43,28.849999999999966,36.420000000000016,1,1,1.0
25,2,207.9,247.56,95.80999999999997,46.56999999999999,1,1,1.0
25,3,357.86,321.87,97.5,46.329999999999984,1,1,1.0
25,4,420.64,248.4,28.850000000000023,36.41999999999999,1,1,1.0
26,2,207.9,247.56,95.80999999999997,46.56999999999999,1,1,1.0
26,3,338.43,324.78,97.5,46.33000000000004,1,1,1.0
26,4,416.75,248.4,28.850000000000023,36.41999999999999,1,1,1.0
27,2,207.9,247.56,95.80999999999997,46.56999999999999,1,1,1.0
27,3,319.01,324.78,97.5,46.33000000000004,1,1,1.0
27,4,407.04,248.4,28.849999999999966,36.41999999999999,1,1,1.0
28,2,207.9,247.56,95.80999999999997,46.56999999999999,1,1,1.0
28,3,299.58,333.52,97.5,46.33000000000004,1,1,1.0
28,4,400.73,246.46,28.849999999999966,36.41,1,1,1.0
29,2,207.9,247.56,95.80999999999997,46.56999999999999,1,1,1.0
29,3,266.6,328.7,117.89999999999998,70.60000000000002,1,1,1.0
29,4,394.41,244.51,28.859999999999957,36.420000000000016,1,1,1.0
30,2,207.9,247.56,95.80999999999997,46.56999999999999,1,1,1.0
30,3,248.15,330.64,117.9,70.60000000000002,1,1,1.0
30,4,387.61,241.6,28.860000000000014,36.41999999999999,1,1,1.0
31,2,207.9,247.56,95.80999999999997,46.56999999999999,1,1,1.0
31,3,230.24,333.86,117.89999999999998,70.59999999999997,1,1,1.0
31,4,380.81,240.88,28.850000000000023,36.420000000000016,1,1,1.0
32,2,207.9,247.56,95.80999999999997,46.56999999999999,1,1,1.0
32,3,207.33,338.52,117.9,70.60000000000002,1,1,1.0
32,4,376.16,240.88,28.849999999999966,36.420000000000016,1,1,1.0
33,2,207.9,247.56,95.80999999999997,46.56999999999999,1,1,1.0
33,3,175.79,346.19,130.71,70.60000000000002,1,1,1.0
33,4,371.47,240.03,28.849999999999966,36.41999999999999,1,1,1.0
34,2,207.9,247.56,95.80999999999997,46.56999999999999,1,1,1.0
34,3,152.78,347.04,139.22,70.59999999999997,1,1,1.0
34,4,366.78,239.18,28.850000000000023,36.420000000000016,1,1,1.0
35,2,207.9,247.56,95.80999999999997,46.56999999999999,1,1,1.0
35,3,130.63,356.42,139.20999999999998,70.59999999999997,1,1,1.0
35,4,356.55,237.47,28.860000000000014,36.41999999999999,1,1,1.0
36,2,207.9,247.56,95.80999999999997,46.56999999999999,1,1,1.0
36,3,107.62,361.53,139.21,70.60000000000002,1,1,1.0
36,4,349.73,237.47,28.859999999999957,36.41999999999999,1,1,1.0
37,2,207.9,247.56,95.80999999999997,46.56999999999999,1,1,1.0
37,3,83.51,360.6,139.20999999999998,70.59999999999997,1,1,1.0
37,4,342.92,237.47,28.849999999999966,36.41999999999999,1,1,1.0
38,2,207.9,247.56,95.80999999999997,46.56999999999999,1,1,1.0
38,3,55.69,367.09,139.22,70.60000000000002,1,1,1.0
38,4,334.88,236.86,28.850000000000023,36.40999999999997,1,1,1.0
39,2,207.9,247.56,95.80999999999997,46.56999999999999,1,1,1.0
39,3,31.59,367.09,139.21,70.60000000000002,1,1,1.0
39,4,326.85,236.24,28.849999999999966,36.40999999999997,1,1,1.0
40,2,207.9,247.56,95.80999999999997,46.56999999999999,1,1,1.0
40,3,0.0,382.85,160.6,70.59999999999997,1,1,1.0
40,4,318.81,235.62,28.850000000000023,36.420000000000016,1,1,1.0
41,2,207.9,247.56,95.80999999999997,46.56999999999999,1,1,1.0
41,3,0.0,381.93,125.4,70.59999999999997,1,1,1.0
41,4,313.87,235.0,28.850000000000023,36.420000000000016,1,1,1.0
42,2,207.9,247.56,95.80999999999997,46.56999999999999,1,1,1.0
42,3,0.0,381.93,105.0,70.59999999999997,1,1,1.0
42,4,308.92,234.38,28.849999999999966,36.420000000000016,1,1,1.0
43,2,207.9,247.56,95.80999999999997,46.56999999999999,1,1,1.0
43,3,0.0,381.93,78.1,70.59999999999997,1,1,1.0
43,4,303.98,233.77,28.849999999999966,36.41,1,1,1.0
44,2,207.9,247.56,95.80999999999997,46.56999999999999,1,1,1.0
44,3,0.0,397.69,48.45,70.60000000000002,1,1,1.0
44,4,297.49,232.84,28.849999999999966,36.41,1,1,1.0
45,2,207.9,247.56,95.80999999999997,46.56999999999999,1,1,1.0
45,3,0.0,397.69,20.6,70.60000000000002,1,1,1.0
45,4,291.0,231.91,28.850000000000023,36.41999999999999,1,1,1.0
46,2,207.9,247.56,95.80999999999997,46.56999999999999,1,1,1.0
46,4,284.04,230.98,28.849999999999966,36.41999999999999,1,1,1.0
47,2,207.9,247.56,95.80999999999997,46.56999999999999,1,1,1.0
47,4,277.09,230.06,28.850000000000023,36.410000000000025,1,1,1.0
48,2,207.9,247.56,95.80999999999997,46.56999999999999,1,1,1.0
48,4,266.89,229.13,28.850000000000023,36.420000000000016,1,1,1.0
49,2,207.9,247.56,95.80999999999997,46.56999999999999,1,1,1.0
49,4,266.89,236.4,28.850000000000023,16.099999999999994,1,1,1.0
50,2,207.9,247.56,95.80999999999997,46.56999999999999,1,1,1.0
50,4,256.43,236.4,28.849999999999966,16.099999999999994,1,1,1.0
51,2,207.9,247.56,95.80999999999997,46.56999999999999,1,1,1.0
51,4,248.95,235.09,28.860000000000014,16.099999999999994,1,1,1.0
52,2,207.9,247.56,95.80999999999997,46.56999999999999,1,1,1.0
52,4,241.29,236.77,28.859999999999985,16.099999999999994,1,1,1.0
52,5,946.56,225.3,13.440000000000055,56.389999999999986,1,1,1.0
53,2,207.9,247.56,95.80999999999997,46.56999999999999,1,1,1.0
53,4,231.21,237.15,28.849999999999994,16.099999999999994,1,1,1.0
53,5,941.78,225.3,18.220000000000027,56.389999999999986,1,1,1.0
54,2,207.9,247.56,95.80999999999997,46.56999999999999,1,1,1.0
54,4,226.16,236.03,28.860000000000014,16.099999999999994,1,1,1.0
54,5,937.0,225.3,23.0,56.389999999999986,1,1,1.0
55,2,207.9,247.56,95.80999999999997,46.56999999999999,1,1,1.0
55,4,221.49,236.03,28.859999999999985,16.099999999999994,1,1,1.0
55,5,932.2,225.3,27.799999999999955,56.389999999999986,1,1,1.0
56,2,207.9,247.56,95.80999999999997,46.56999999999999,1,1,1.0
56,4,212.46,236.48,28.859999999999985,16.100000000000023,1,1,1.0
56,5,926.6,225.3,33.39999999999998,56.389999999999986,1,1,1.0
57,2,207.9,247.56,95.80999999999997,46.56999999999999,1,1,1.0
57,4,203.43,236.93,28.859999999999985,16.099999999999994,1,1,1.0
57,5,918.7,225.3,41.299999999999955,67.5,1,1,1.0
58,2,207.9,247.56,95.80999999999997,46.56999999999999,1,1,1.0
58,4,197.71,236.93,28.859999999999985,16.099999999999994,1,1,1.0
58,5,914.73,225.3,45.26999999999998,68.30000000000001,1,1,1.0
59,2,207.9,247.56,95.80999999999997,46.56999999999999,1,1,1.0
59,4,192.0,236.93,28.849999999999994,16.099999999999994,1,1,1.0
59,5,910.77,225.3,49.23000000000002,69.09999999999997,1,1,1.0
60,2,207.9,247.56,95.80999999999997,46.56999999999999,1,1,1.0
60,4,186.28,236.93,28.849999999999994,16.099999999999994,1,1,1.0
60,5,906.8,225.3,53.200000000000045,69.89999999999998,1,1,1.0
61,2,207.9,247.56,95.80999999999997,46.56999999999999,1,1,1.0
61,4,179.96,236.93,28.849999999999994,16.099999999999994,1,1,1.0
61,5,901.95,225.3,58.049999999999955,69.89999999999998,1,1,1.0
62,2,207.9,247.56,95.80999999999997,46.56999999999999,1,1,1.0
62,4,173.63,236.93,28.860000000000014,16.099999999999994,1,1,1.0
62,5,897.1,225.3,62.89999999999998,69.89999999999998,1,1,1.0
63,2,207.9,247.56,95.80999999999997,46.56999999999999,1,1,1.0
63,4,169.22,235.98,23.03,22.330000000000013,1,1,1.0
63,5,892.25,225.3,67.75,69.89999999999998,1,1,1.0
64,2,207.9,247.56,95.80999999999997,46.56999999999999,1,1,1.0
64,4,164.81,235.03,17.19999999999999,28.57000000000002,1,1,1.0
64,5,887.4,225.3,72.60000000000002,69.89999999999998,1,1,1.0
65,2,207.9,247.56,95.80999999999997,46.56999999999999,1,1,1.0
65,4,156.57,235.03,17.200000000000017,28.57000000000002,1,1,1.0
65,5,881.2,225.3,78.79999999999995,69.89999999999998,1,1,1.0
66,2,207.9,247.56,95.80999999999997,46.56999999999999,1,1,1.0
66,4,149.76,234.87,17.200000000000017,28.569999999999993,1,1,1.0
66,5,873.6,225.3,86.39999999999998,82.39999999999998,1,1,1.0
67,2,207.9,247.56,95.80999999999997,46.56999999999999,1,1,1.0
67,4,143.27,233.92,17.19999999999999,28.57000000000002,1,1,1.0
67,5,864.6,225.3,95.39999999999998,82.39999999999998,1,1,1.0
68,2,207.9,247.56,95.80999999999997,46.56999999999999,1,1,1.0
68,4,137.09,233.92,17.19999999999999,28.57000000000002,1,1,1.0
68,5,860.4,225.3,99.60000000000002,82.39999999999998,1,1,1.0
69,2,207.9,247.56,95.80999999999997,46.56999999999999,1,1,1.0
69,4,129.65,233.13,17.19999999999999,28.569999999999993,1,1,1.0
69,5,855.6,225.3,104.39999999999998,82.39999999999998,1,1,1.0
70,2,207.9,247.56,95.80999999999997,46.56999999999999,1,1,1.0
70,4,122.52,232.34,17.200000000000003,28.57000000000002,1,1,1.0
70,5,845.2,225.3,114.79999999999995,82.39999999999998,1,1,1.0
71,2,207.9,247.56,95.80999999999997,46.56999999999999,1,1,1.0
71,4,116.45,232.34,17.200000000000003,28.57000000000002,1,1,1.0
71,5,837.6,225.3,122.39999999999998,82.39999999999998,1,1,1.0
72,2,207.9,247.56,95.80999999999997,46.56999999999999,1,1,1.0
72,4,108.85,231.12,17.200000000000003,28.569999999999993,1,1,1.0
72,5,832.8,225.3,127.20000000000005,82.39999999999998,1,1,1.0
73,2,207.9,247.56,95.80999999999997,46.56999999999999,1,1,1.0
73,4,103.08,230.82,17.200000000000003,28.569999999999993,1,1,1.0
73,5,825.2,225.3,134.79999999999995,92.80000000000001,1,1,1.0
74,2,207.9,247.56,95.80999999999997,46.56999999999999,1,1,1.0
74,4,96.39,230.21,17.200000000000003,28.569999999999965,1,1,1.0
74,5,826.58,226.69,133.41999999999996,92.79000000000002,1,1,1.0
75,2,207.9,247.56,95.80999999999997,46.56999999999999,1,1,1.0
75,4,88.49,229.6,17.200000000000003,28.57000000000002,1,1,1.0
75,5,809.3,226.69,150.70000000000005,92.79000000000002,1,1,1.0
76,2,207.9,247.56,95.80999999999997,46.56999999999999,1,1,1.0
76,4,85.45,229.6,17.200000000000003,28.57000000000002,1,1,1.0
76,5,798.9,226.69,161.10000000000002,92.79000000000002,1,1,1.0
77,2,207.9,247.56,95.80999999999997,46.56999999999999,1,1,1.0
77,4,74.6,229.6,17.200000000000003,28.57000000000002,1,1,1.0
77,5,794.1,226.69,165.89999999999998,92.79000000000002,1,1,1.0
78,2,207.9,247.56,95.80999999999997,46.56999999999999,1,1,1.0
78,4,67.17,224.95,17.200000000000003,28.57000000000002,1,1,1.0
78,5,785.1,233.6,174.89999999999998,92.79999999999998,1,1,1.0
79,2,207.9,247.56,95.80999999999997,46.56999999999999,1,1,1.0
79,4,61.28,228.05,17.200000000000003,28.569999999999993,1,1,1.0
79,5,778.87,233.6,174.89999999999998,92.79999999999998,1,1,1.0
80,2,207.9,247.56,95.80999999999997,46.56999999999999,1,1,1.0
80,4,54.46,227.74,17.199999999999996,28.569999999999993,1,1,1.0
80,5,772.65,233.6,174.89999999999998,92.79999999999998,1,1,1.0
81,2,207.9,247.56,95.80999999999997,46.56999999999999,1,1,1.0
81,4,46.4,227.74,17.200000000000003,28.569999999999993,1,1,1.0
81,5,766.42,233.6,174.9000000000001,92.79999999999998,1,1,1.0
82,2,207.9,247.56,95.80999999999997,46.56999999999999,1,1,1.0
82,4,40.82,226.19,17.200000000000003,28.569999999999993,1,1,1.0
82,5,762.27,234.3,174.89999999999998,92.80000000000001,1,1,1.0
83,2,207.9,247.56,95.80999999999997,46.56999999999999,1,1,1.0
83,4,30.9,226.19,17.200000000000003,28.569999999999993,1,1,1.0
83,5,756.73,234.99,174.89999999999998,92.80000000000001,1,1,1.0
84,2,207.9,247.56,95.80999999999997,46.56999999999999,1,1,1.0
84,4,25.94,225.57,17.2,28.569999999999993,1,1,1.0
84,5,747.05,239.14,188.05000000000007,92.80000000000001,1,1,1.0
85,2,207.9,247.56,95.80999999999997,46.56999999999999,1,1,1.0
85,4,18.81,224.33,17.2,28.569999999999993,1,1,1.0
85,5,733.9,239.14,188.05000000000007,92.80000000000001,1,1,1.0
86,2,207.9,247.56,95.80999999999997,46.56999999999999,1,1,1.0
86,4,13.54,224.33,17.2,28.569999999999993,1,1,1.0
86,5,729.06,239.83,188.05000000000007,92.79999999999998,1,1,1.0
87,2,207.9,247.56,95.80999999999997,46.56999999999999,1,1,1.0
87,4,8.58,224.02,17.200000000000003,28.569999999999993,1,1,1.0
87,5,717.99,237.76,188.04999999999995,106.63999999999999,1,1,1.0
87,6,688.86,265.43,32.51999999999998,29.75,1,1,1.0
88,2,207.9,247.56,95.80999999999997,46.56999999999999,1,1,1.0
88,4,0.83,223.4,17.200000000000003,28.569999999999993,1,1,1.0
88,5,709.69,239.14,188.04999999999995,106.63999999999999,1,1,1.0
88,6,679.17,266.12,32.520000000000095,29.75,1,1,1.0
89,2,207.9,247.56,95.80999999999997,46.56999999999999,1,1,1.0
89,4,0.83,223.4,9.77,28.569999999999993,1,1,1.0
89,5,697.23,241.22,188.05999999999995,106.64000000000001,1,1,1.0
89,6,666.72,266.12,32.51999999999998,29.75,1,1,1.0
90,2,207.9,247.56,95.80999999999997,46.56999999999999,1,1,1.0
90,4,0.83,223.4,3.5700000000000003,28.569999999999993,1,1,1.0
90,5,688.24,241.22,188.04999999999995,106.64000000000001,1,1,1.0
90,6,654.27,268.2,32.50999999999999,29.75,1,1,1.0
91,2,207.9,247.56,95.80999999999997,46.56999999999999,1,1,1.0
91,5,675.78,239.8,214.32000000000005,108.75,1,1,1.0
91,6,644.58,264.74,38.01999999999998,35.95999999999998,1,1,1.0
92,2,207.9,247.56,95.80999999999997,46.56999999999999,1,1,1.0
92,5,664.71,240.49,214.31999999999994,108.75,1,1,1.0
92,6,634.2,264.74,38.01999999999998,35.95999999999998,1,1,1.0
93,2,207.9,247.56,95.80999999999997,46.56999999999999,1,1,1.0
93,5,652.95,241.88,214.31999999999994,108.75,1,1,1.0
93,6,619.67,264.74,38.020000000000095,35.95999999999998,1,1,1.0
94,2,207.9,247.56,95.80999999999997,46.56999999999999,1,1,1.0
94,5,644.65,242.57,214.32000000000005,108.75,1,1,1.0
94,6,605.14,263.36,38.01999999999998,35.95999999999998,1,1,1.0
95,2,207.9,247.56,95.80999999999997,46.56999999999999,1,1,1.0
95,5,634.27,246.72,214.32000000000005,108.75000000000003,1,1,1.0
95,6,594.07,264.05,66.42999999999995,35.95999999999998,1,1,1.0
96,2,207.9,247.56,95.80999999999997,46.56999999999999,1,1,1.0
96,5,623.2,246.72,214.31999999999994,108.75000000000003,1,1,1.0
96,6,580.93,264.74,66.42000000000007,35.95999999999998,1,1,1.0
97,2,207.9,247.56,95.80999999999997,46.56999999999999,1,1,1.0
97,5,607.98,232.2,230.22000000000003,126.04000000000002,1,1,1.0
97,6,565.01,266.82,66.43000000000006,35.95999999999998,1,1,1.0
98,2,207.9,247.56,95.80999999999997,46.56999999999999,1,1,1.0
98,5,597.6,240.5,230.22000000000003,126.04000000000002,1,1,1.0
98,6,555.33,266.82,66.42999999999995,35.95999999999998,1,1,1.0
99,2,207.9,247.56,95.80999999999997,46.56999999999999,1,1,1.0
99,5,580.3,245.35,230.22000000000003,126.03,1,1,1.0
99,6,547.03,267.51,66.42000000000007,35.960000000000036,1,1,1.0
100,2,207.9,247.56,95.80999999999997,46.56999999999999,1,1,1.0
100,5,565.08,241.9,248.2199999999999,132.24999999999997,1,1,1.0
100,6,526.27,266.82,66.43000000000006,35.95999999999998,1,1,1.0
101,2,207.9,247.56,95.80999999999997,46.56999999999999,1,1,1.0
101,5,555.4,243.98,248.21000000000004,132.25000000000003,1,1,1.0
101,6,518.66,266.82,66.43000000000006,35.95999999999998,1,1,1.0
102,2,207.9,247.56,95.80999999999997,46.56999999999999,1,1,1.0
102,5,546.06,246.4,248.21000000000004,132.24999999999997,1,1,1.0
102,6,498.59,268.2,66.43,35.960000000000036,1,1,1.0
103,2,207.9,247.56,95.80999999999997,46.56999999999999,1,1,1.0
103,5,536.72,248.82,248.20999999999992,132.25,1,1,1.0
103,6,488.22,267.97,66.41999999999996,35.95999999999998,1,1,1.0
104,2,207.9,247.56,95.80999999999997,46.56999999999999,1,1,1.0
104,5,519.76,247.46,258.26,140.53,1,1,1.0
104,6,477.84,267.74,66.42000000000002,35.95999999999998,1,1,1.0
105,2,207.9,247.56,95.80999999999997,46.56999999999999,1,1,1.0
105,5,502.81,246.1,268.29,148.81000000000003,1,1,1.0
105,6,467.46,267.51,66.43,35.960000000000036,1,1,1.0
106,2,207.9,247.56,95.80999999999997,46.56999999999999,1,1,1.0
106,5,486.21,248.5,277.29,150.20999999999998,1,1,1.0
106,6,450.16,269.24,84.43,35.95999999999998,1,1,1.0
107,2,207.9,247.56,95.80999999999997,46.56999999999999,1,1,1.0
107,5,469.6,250.9,286.29999999999995,151.61999999999998,1,1,1.0
107,6,432.87,270.97,102.42999999999995,35.95999999999998,1,1,1.0
108,2,207.9,247.56,95.80999999999997,46.56999999999999,1,1,1.0
108,5,450.23,250.2,293.22,155.78000000000003,1,1,1.0
108,6,416.26,272.01,102.44000000000005,35.960000000000036,1,1,1.0
109,2,207.9,247.56,95.80999999999997,46.56999999999999,1,1,1.0
109,5,430.86,249.5,300.14,159.94,1,1,1.0
109,6,399.66,273.04,102.42999999999995,35.95999999999998,1,1,1.0
110,2,207.9,247.56,95.80999999999997,46.56999999999999,1,1,1.0
110,5,424.98,252.96,300.14,159.93999999999997,1,1,1.0
110,6,387.55,273.39,102.43,35.960000000000036,1,1,1.0
111,2,207.9,247.56,95.80999999999997,46.56999999999999,1,1,1.0
111,5,419.1,256.42,300.14,159.94,1,1,1.0
111,6,375.44,273.73,102.43,35.96999999999997,1,1,1.0
111,7,921.89,209.6,38.110000000000014,61.03,1,1,1.0
112,2,207.9,247.56,95.80999999999997,46.56999999999999,1,1,1.0
112,5,391.17,261.59,314.59999999999997,159.94,1,1,1.0
112,6,362.51,274.25,102.43,35.95999999999998,1,1,1.0
112,7,917.13,209.6,42.870000000000005,61.03,1,1,1.0
113,2,207.9,247.56,95.80999999999997,46.56999999999999,1,1,1.0
113,5,363.24,266.76,329.05999999999995,159.94,1,1,1.0
113,6,349.58,274.77,102.43,35.960000000000036,1,1,1.0
113,7,912.37,209.6,47.629999999999995,61.03,1,1,1.0
114,2,207.9,247.56,95.80999999999997,46.56999999999999,1,1,1.0
114,5,344.62,266.78,337.83000000000004,163.54000000000002,1,1,1.0
114,6,334.06,275.29,102.44,35.95999999999998,1,1,1.0
114,7,907.62,209.6,52.379999999999995,61.03,1,1,1.0
114,8,567.58,257.98,106.9799999999999,34.579999999999984,1,1,1.0
115,2,207.9,247.56,95.80999999999997,46.56999999999999,1,1,1.0
115,5,326.0,266.8,346.6,167.14,1,1,1.0
115,6,318.55,275.8,102.43,35.95999999999998,1,1,1.0
115,7,902.86,209.6,57.139999999999986,61.03,1,1,1.0
115,8,551.37,257.98,106.98000000000002,34.579999999999984,1,1,1.0
116,2,207.9,247.56,95.80999999999997,46.56999999999999,1,1,1.0
116,5,311.0,269.39,346.6,167.14,1,1,1.0
116,6,303.03,275.8,102.44000000000005,35.95999999999998,1,1,1.0
116,7,898.1,209.6,61.89999999999998,61.03,1,1,1.0
116,8,535.16,257.98,106.98000000000002,34.579999999999984,1,1,1.0
117,2,207.9,247.56,95.80999999999997,46.56999999999999,1,1,1.0
117,5,296.0,271.97,346.6,167.14,1,1,1.0
117,6,287.52,275.8,102.43,35.95999999999998,1,1,1.0
117,7,891.72,210.47,66.04999999999995,61.03,1,1,1.0
117,8,522.19,259.06,106.9799999999999,34.579999999999984,1,1,1.0
118,2,207.9,247.56,95.80999999999997,46.56999999999999,1,1,1.0
118,5,274.28,270.58,357.99,172.67000000000002,1,1,1.0
118,6,273.03,278.91,102.44000000000005,35.95999999999998,1,1,1.0
118,7,885.33,211.33,70.19999999999993,61.03,1,1,1.0
118,8,509.22,260.14,106.98000000000002,34.58000000000004,1,1,1.0
119,2,207.9,247.56,95.80999999999997,46.56999999999999,1,1,1.0
119,5,252.56,269.19,369.36999999999995,178.2,1,1,1.0
119,6,258.55,282.01,102.44,35.960000000000036,1,1,1.0
119,7,878.95,212.19,74.34999999999991,61.03000000000003,1,1,1.0
119,8,495.17,260.68,106.98999999999995,34.579999999999984,1,1,1.0
120,2,207.9,247.56,95.80999999999997,46.56999999999999,1,1,1.0
120,5,230.83,267.8,380.77,183.72999999999996,1,1,1.0
120,6,244.07,285.11,102.44,35.95999999999998,1,1,1.0
120,7,872.57,213.05,78.5,61.02999999999997,1,1,1.0
120,8,481.13,261.22,106.98000000000002,34.579999999999984,1,1,1.0
121,2,207.9,247.56,95.80999999999997,46.56999999999999,1,1,1.0
121,5,202.39,276.1,394.21000000000004,192.48999999999995,1,1,1.0
121,6,229.07,285.11,102.44,35.95999999999998,1,1,1.0
121,7,866.18,213.91,82.65000000000009,61.03,1,1,1.0
121,8,466.54,262.84,106.97999999999996,34.58000000000004,1,1,1.0
122,2,207.9,247.56,95.80999999999997,46.56999999999999,1,1,1.0
122,5,173.94,284.4,407.66,201.26000000000005,1,1,1.0
122,6,214.07,285.11,102.44,35.95999999999998,1,1,1.0
122,7,859.8,214.78,86.80000000000007,61.02000000000001,1,1,1.0
122,8,451.95,264.46,106.97999999999996,34.58000000000004,1,1,1.0
123,2,207.9,247.56,95.80999999999997,46.56999999999999,1,1,1.0
123,5,160.5,284.92,407.65,201.26,1,1,1.0
123,6,196.49,287.18,102.43,35.95999999999998,1,1,1.0
123,7,855.32,215.29,86.79999999999995,61.03,1,1,1.0
123,8,439.52,265.0,108.60000000000002,37.26999999999998,1,1,1.0
124,2,207.9,247.56,95.80999999999997,46.56999999999999,1,1,1.0
124,5,147.05,285.44,407.66,201.26,1,1,1.0
124,6,178.9,289.25,102.43999999999997,35.95999999999998,1,1,1.0
124,7,850.84,215.81,86.79999999999995,61.02999999999997,1,1,1.0
124,8,427.1,265.54,110.19999999999993,39.95999999999998,1,1,1.0
125,2,207.9,247.56,95.80999999999997,46.56999999999999,1,1,1.0
125,5,107.22,285.44,433.52,227.10999999999996,1,1,1.0
125,6,158.73,290.8,110.19000000000003,36.45999999999998,1,1,1.0
125,7,846.35,216.33,86.79999999999995,61.03,1,1,1.0
125,8,414.85,266.26,110.19999999999993,39.960000000000036,1,1,1.0
126,2,207.9,247.56,95.80999999999997,46.56999999999999,1,1,1.0
126,5,67.4,285.44,459.38,252.95999999999998,1,1,1.0
126,6,138.56,292.35,117.94,36.94999999999999,1,1,1.0
126,7,841.87,216.84,86.79999999999995,61.03,1,1,1.0
126,8,402.6,266.98,110.20999999999992,39.95999999999998,1,1,1.0
127,2,207.9,247.56,95.80999999999997,46.56999999999999,1,1,1.0
127,5,52.4,283.37,459.38,252.96000000000004,1,1,1.0
127,6,124.08,292.87,117.94000000000001,36.94999999999999,1,1,1.0
127,7,837.39,217.36,86.80000000000007,61.02999999999997,1,1,1.0
127,8,390.35,267.7,110.20999999999998,39.960000000000036,1,1,1.0
128,2,207.9,247.56,95.80999999999997,46.56999999999999,1,1,1.0
128,5,37.4,281.3,459.38,252.95999999999998,1,1,1.0
128,6,109.6,293.39,117.94,36.94,1,1,1.0
128,7,832.91,217.88,86.80000000000007,61.03000000000003,1,1,1.0
128,8,367.66,267.7,110.20999999999998,39.960000000000036,1,1,1.0
129,2,207.9,247.56,95.80999999999997,46.56999999999999,1,1,1.0
129,5,19.72,286.63,459.38,250.5,1,1,1.0
129,6,90.98,297.01,117.93999999999998,36.94,1,1,1.0
129,7,827.73,217.36,86.79999999999995,61.02999999999997,1,1,1.0
129,8,355.24,268.78,110.19999999999999,39.960000000000036,1,1,1.0
130,2,207.9,247.56,95.80999999999997,46.56999999999999,1,1,1.0
130,5,2.05,291.97,459.37,248.02999999999997,1,1,1.0
130,6,72.36,300.63,117.94000000000001,36.94,1,1,1.0
130,7,822.56,216.84,86.80000000000007,61.03,1,1,1.0
130,8,342.81,269.87,110.19999999999999,39.94999999999999,1,1,1.0
131,2,207.9,247.56,95.80999999999997,46.56999999999999,1,1,1.0
131,5,2.05,291.97,446.4,248.02999999999997,1,1,1.0
131,6,53.27,302.79,117.94,36.94999999999999,1,1,1.0
131,7,816.8,216.84,86.80000000000007,61.03,1,1,1.0
131,8,328.76,269.87,110.19999999999999,39.94999999999999,1,1,1.0
132,2,207.9,247.56,95.80999999999997,46.56999999999999,1,1,1.0
132,5,2.05,291.97,433.42,248.02999999999997,1,1,1.0
132,6,34.18,304.95,117.94,36.94999999999999,1,1,1.0
132,7,811.03,216.84,86.80000000000007,61.03,1,1,1.0
132,8,314.71,269.87,110.21000000000004,39.94999999999999,1,1,1.0
133,2,207.9,247.56,95.80999999999997,46.56999999999999,1,1,1.0
133,5,2.05,291.97,420.45,248.02999999999997,1,1,1.0
133,6,15.09,307.11,117.94,36.94999999999999,1,1,1.0
133,7,805.27,216.84,86.80000000000007,61.03,1,1,1.0
133,8,301.2,272.03,110.21000000000004,39.950000000000045,1,1,1.0
134,2,207.9,247.56,95.80999999999997,46.56999999999999,1,1,1.0
134,5,2.05,291.97,401.46,248.02999999999997,1,1,1.0
134,6,11.13,307.47,102.09,36.94999999999999,1,1,1.0
134,7,799.87,217.92,86.79999999999995,61.03,1,1,1.0
134,8,287.7,274.19,110.19999999999999,39.95999999999998,1,1,1.0
135,2,207.9,247.56,95.80999999999997,46.56999999999999,1,1,1.0
135,5,2.05,291.97,382.47999999999996,248.02999999999997,1,1,1.0
135,6,7.16,307.83,86.25,36.94999999999999,1,1,1.0
135,7,794.46,219.0,86.79999999999995,61.02999999999997,1,1,1.0
135,8,272.03,274.19,110.20000000000005,39.95999999999998,1,1,1.0
136,2,207.9,247.56,95.80999999999997,46.56999999999999,1,1,1.0
136,5,2.05,291.97,363.49,248.02999999999997,1,1,1.0
136,6,3.2,308.19,70.39999999999999,36.94999999999999,1,1,1.0
136,7,789.06,220.08,86.80000000000007,61.03,1,1,1.0
136,8,256.36,274.19,110.19999999999999,39.95999999999998,1,1,1.0
137,2,207.9,247.56,95.80999999999997,46.56999999999999,1,1,1.0
137,5,2.05,291.97,344.51,248.02999999999997,1,1,1.0
137,6,3.2,308.19,57.4,36.94999999999999,1,1,1.0
137,7,780.15,220.62,86.80000000000007,61.02999999999997,1,1,1.0
137,8,227.72,275.83,123.71000000000001,43.18000000000001,1,1,1.0
138,2,207.9,247.56,95.80999999999997,46.56999999999999,1,1,1.0
138,5,2.05,291.97,325.52,248.02999999999997,1,1,1.0
138,6,3.2,308.19,43.4,36.94999999999999,1,1,1.0
138,7,771.23,221.16,86.79999999999995,61.03,1,1,1.0
138,8,199.08,277.46,137.23,46.410000000000025,1,1,1.0
139,2,207.9,247.56,95.80999999999997,46.56999999999999,1,1,1.0
139,5,2.05,291.97,306.53999999999996,248.02999999999997,1,1,1.0
139,6,3.2,308.19,26.1,36.94999999999999,1,1,1.0
139,7,762.32,221.7,86.79999999999995,61.03000000000003,1,1,1.0
139,8,182.87,279.63,137.23000000000002,46.39999999999998,1,1,1.0
139,9,721.02,493.55,143.73000000000002,46.44999999999999,1,1,1.0
140,2,207.9,247.56,95.80999999999997,46.56999999999999,1,1,1.0
140,5,2.05,291.97,287.55,248.02999999999997,1,1,1.0
140,7,753.4,222.25,86.80000000000007,61.01999999999998,1,1,1.0
140,8,166.66,281.79,137.23,46.39999999999998,1,1,1.0
140,9,726.43,487.62,143.72000000000003,52.110000000000014,1,1,1.0
141,2,207.9,247.56,95.80999999999997,46.56999999999999,1,1,1.0
141,5,2.05,291.97,266.3,248.02999999999997,1,1,1.0
141,7,749.62,223.87,86.79999999999995,61.02999999999997,1,1,1.0
141,8,148.29,282.33,137.23,46.400000000000034,1,1,1.0
141,9,731.83,481.68,143.7199999999999,57.77000000000004,1,1,1.0
142,2,207.9,247.56,95.80999999999997,46.56999999999999,1,1,1.0
142,5,2.05,291.97,245.04999999999998,248.02999999999997,1,1,1.0
142,7,745.84,225.49,86.79999999999995,61.02999999999997,1,1,1.0
142,8,129.92,282.87,137.23,46.39999999999998,1,1,1.0
142,9,737.23,475.74,143.73000000000002,63.43999999999994,1,1,1.0
143,2,207.9,247.56,95.80999999999997,46.56999999999999,1,1,1.0
143,5,2.05,291.97,223.79999999999998,248.02999999999997,1,1,1.0
143,7,731.81,225.49,99.21000000000004,61.02999999999997,1,1,1.0
143,8,116.41,284.49,137.23,46.39999999999998,1,1,1.0
143,9,742.64,469.8,143.72000000000003,69.09999999999997,1,1,1.0
144,2,207.9,247.56,95.80999999999997,46.56999999999999,1,1,1.0
144,5,2.05,291.97,202.54999999999998,248.02999999999997,1,1,1.0
144,7,717.79,225.49,111.60000000000002,61.02999999999997,1,1,1.0
144,8,102.91,286.11,137.22,46.40999999999997,1,1,1.0
144,9,752.0,468.36,143.72000000000003,69.10000000000002,1,1,1.0
145,2,207.9,247.56,95.80999999999997,46.56999999999999,1,1,1.0
145,5,2.05,291.97,181.29999999999998,248.02999999999997,1,1,1.0
145,7,709.14,224.95,111.61000000000001,61.03000000000003,1,1,1.0
145,8,89.4,286.11,137.22,46.40999999999997,1,1,1.0
145,9,761.37,466.92,143.72000000000003,69.09999999999997,1,1,1.0
146,2,207.9,247.56,95.80999999999997,46.56999999999999,1,1,1.0
146,5,2.05,291.97,160.04999999999998,248.02999999999997,1,1,1.0
146,7,700.5,224.41,111.60000000000002,61.03,1,1,1.0
146,8,75.89,286.11,137.22000000000003,46.40999999999997,1,1,1.0
146,9,770.73,465.48,143.72000000000003,69.10000000000002,1,1,1.0
147,2,207.9,247.56,95.80999999999997,46.56999999999999,1,1,1.0
147,5,2.05,333.58,133.54999999999998,206.42000000000002,1,1,1.0
147,7,693.47,224.41,111.61000000000001,61.03,1,1,1.0
147,8,58.6,288.81,137.22,46.410000000000025,1,1,1.0
147,9,780.46,456.29,143.7199999999999,76.65000000000003,1,1,1.0
148,2,207.9,247.56,95.80999999999997,46.56999999999999,1,1,1.0
148,5,2.05,375.2,107.05,164.8,1,1,1.0
148,7,686.45,224.41,111.6099999999999,61.03,1,1,1.0
148,8,41.31,291.51,137.22,46.410000000000025,1,1,1.0
148,9,790.18,447.11,143.73000000000002,84.18999999999994,1,1,1.0
149,2,207.9,247.56,95.80999999999997,46.56999999999999,1,1,1.0
149,5,2.05,386.0,80.55,154.0,1,1,1.0
149,7,678.88,224.41,111.61000000000001,61.03,1,1,1.0
149,8,24.02,291.51,137.22,46.410000000000025,1,1,1.0
149,9,796.31,443.86,143.72000000000003,84.19999999999993,1,1,1.0
150,2,207.9,247.56,95.80999999999997,46.56999999999999,1,1,1.0
150,5,2.05,396.8,54.050000000000004,143.2,1,1,1.0
150,7,671.32,224.41,111.6099999999999,61.03,1,1,1.0
150,8,6.73,291.51,137.22,46.410000000000025,1,1,1.0
150,9,802.43,440.62,143.72000000000003,84.20000000000005,1,1,1.0
151,2,207.9,247.56,95.80999999999997,46.56999999999999,1,1,1.0
151,7,661.77,225.85,111.61000000000001,61.03,1,1,1.0
151,8,0.0,291.51,124.5,46.410000000000025,1,1,1.0
151,9,808.55,437.38,143.73000000000002,84.19000000000005,1,1,1.0
152,2,207.9,247.56,95.80999999999997,46.56999999999999,1,1,1.0
152,7,652.23,227.29,111.61000000000001,61.03,1,1,1.0
152,8,0.0,291.51,105.05,46.410000000000025,1,1,1.0
152,9,814.5,431.98,141.64,84.18999999999994,1,1,1.0
153,2,207.9,247.56,95.80999999999997,46.56999999999999,1,1,1.0
153,7,642.68,228.73,111.61000000000001,61.03,1,1,1.0
153,8,0.0,291.51,85.6,46.410000000000025,1,1,1.0
153,9,820.44,426.57,139.55999999999995,84.19999999999999,1,1,1.0
154,2,207.9,247.56,95.80999999999997,46.56999999999999,1,1,1.0
154,7,633.14,230.17,111.61000000000001,61.03,1,1,1.0
154,8,0.0,291.51,72.6,46.410000000000025,1,1,1.0
154,9,839.87,422.24,120.13,88.52999999999997,1,1,1.0
155,2,207.9,247.56,95.80999999999997,46.56999999999999,1,1,1.0
155,7,623.59,231.61,111.61000000000001,61.02999999999997,1,1,1.0
155,8,0.0,291.51,48.8,46.410000000000025,1,1,1.0
155,9,859.3,417.9,100.70000000000005,92.87,1,1,1.0
156,2,207.9,247.56,95.80999999999997,46.56999999999999,1,1,1.0
156,7,614.05,233.05,111.60000000000002,61.02999999999997,1,1,1.0
156,8,0.0,291.51,28.3,46.410000000000025,1,1,1.0
156,9,866.87,413.93,93.13,90.34999999999997,1,1,1.0
157,2,207.9,247.56,95.80999999999997,46.56999999999999,1,1,1.0
157,7,604.86,233.05,111.61000000000001,61.02999999999997,1,1,1.0
157,9,874.43,409.97,85.57000000000005,87.82999999999998,1,1,1.0
158,2,207.9,247.56,95.80999999999997,46.56999999999999,1,1,1.0
158,7,595.68,233.05,111.60000000000002,61.02999999999997,1,1,1.0
158,9,882.0,406.0,78.0,85.32,1,1,1.0
159,2,207.9,247.56,95.80999999999997,46.56999999999999,1,1,1.0
159,7,584.51,232.69,115.95000000000005,66.43,1,1,1.0
159,9,888.5,403.83,71.5,80.28000000000003,1,1,1.0
160,2,207.9,247.56,95.80999999999997,46.56999999999999,1,1,1.0
160,7,573.34,232.33,120.28999999999996,71.83000000000001,1,1,1.0
160,9,895.0,401.67,65.0,75.24000000000001,1,1,1.0
161,2,207.9,247.56,95.80999999999997,46.56999999999999,1,1,1.0
161,7,562.18,231.97,124.62,77.22999999999999,1,1,1.0
161,9,901.5,399.5,58.5,70.19999999999999,1,1,1.0
162,2,207.9,247.56,95.80999999999997,46.56999999999999,1,1,1.0
162,7,553.53,231.16,124.62,77.22999999999999,1,1,1.0
162,9,907.45,396.8,52.549999999999955,70.19999999999999,1,1,1.0
163,2,207.9,247.56,95.80999999999997,46.56999999999999,1,1,1.0
163,7,544.89,230.35,124.62,77.22999999999999,1,1,1.0
163,9,913.4,394.1,46.60000000000002,70.19999999999999,1,1,1.0
164,2,207.9,247.56,95.80999999999997,46.56999999999999,1,1,1.0
164,7,536.24,229.54,124.62,77.22999999999999,1,1,1.0
164,9,919.35,391.4,40.64999999999998,70.20000000000005,1,1,1.0
165,2,207.9,247.56,95.80999999999997,46.56999999999999,1,1,1.0
165,7,527.6,228.73,124.62,77.22999999999999,1,1,1.0
165,9,925.3,388.69,34.700000000000045,70.19999999999999,1,1,1.0
166,2,207.9,247.56,95.80999999999997,46.56999999999999,1,1,1.0
166,7,514.63,228.73,124.62,77.22999999999999,1,1,1.0
166,9,925.3,384.37,34.700000000000045,70.19999999999999,1,1,1.0
167,2,207.9,247.56,95.80999999999997,46.56999999999999,1,1,1.0
167,7,501.66,228.73,124.62999999999994,77.22999999999999,1,1,1.0
167,9,925.3,380.05,34.700000000000045,70.19999999999999,1,1,1.0
168,2,207.9,247.56,95.80999999999997,46.56999999999999,1,1,1.0
168,7,490.14,228.01,124.62,77.23000000000002,1,1,1.0
168,9,925.3,380.05,34.700000000000045,70.19999999999999,1,1,1.0
169,2,207.9,247.56,95.80999999999997,46.56999999999999,1,1,1.0
169,7,478.61,227.29,124.62,77.22999999999999,1,1,1.0
169,9,925.3,380.05,34.700000000000045,70.19999999999999,1,1,1.0
170,2,207.9,247.56,95.80999999999997,46.56999999999999,1,1,1.0
170,7,467.08,226.57,124.63000000000005,77.23000000000002,1,1,1.0
171,2,207.9,247.56,95.80999999999997,46.56999999999999,1,1,1.0
171,7,455.2,229.81,124.62000000000006,77.23000000000002,1,1,1.0
172,2,207.9,247.56,95.80999999999997,46.56999999999999,1,1,1.0
172,7,443.31,233.05,124.61999999999995,77.22999999999996,1,1,1.0
173,2,207.9,247.56,95.80999999999997,46.56999999999999,1,1,1.0
173,7,431.42,236.29,124.62999999999994,77.22999999999999,1,1,1.0
174,2,207.9,247.56,95.80999999999997,46.56999999999999,1,1,1.0
174,7,423.14,235.57,124.62,77.23000000000002,1,1,1.0
175,2,207.9,247.56,95.80999999999997,46.56999999999999,1,1,1.0
175,7,414.85,234.85,124.63,77.22999999999999,1,1,1.0
176,2,207.9,247.56,95.80999999999997,46.56999999999999,1,1,1.0
176,7,406.57,234.13,124.62000000000006,77.23000000000002,1,1,1.0
177,2,207.9,247.56,95.80999999999997,46.56999999999999,1,1,1.0
177,7,392.52,234.85,124.62,77.22999999999999,1,1,1.0
178,2,207.9,247.56,95.80999999999997,46.56999999999999,1,1,1.0
178,7,378.47,235.57,124.61999999999995,77.23000000000002,1,1,1.0
179,2,207.9,247.56,95.80999999999997,46.56999999999999,1,1,1.0
179,7,364.42,236.29,124.63,77.22999999999999,1,1,1.0
180,2,207.9,247.56,95.80999999999997,46.56999999999999,1,1,1.0
180,7,351.46,236.29,131.10000000000002,78.66,1,1,1.0
181,2,207.9,247.56,95.80999999999997,46.56999999999999,1,1,1.0
181,7,338.49,236.29,137.58999999999997,80.08000000000001,1,1,1.0
182,2,207.9,247.56,95.80999999999997,46.56999999999999,1,1,1.0
182,7,325.52,236.29,144.08000000000004,81.51000000000002,1,1,1.0
183,2,207.9,247.56,95.80999999999997,46.56999999999999,1,1,1.0
183,7,313.99,236.29,144.07999999999998,81.51000000000002,1,1,1.0
184,2,207.9,247.56,95.80999999999997,46.56999999999999,1,1,1.0
184,7,302.47,236.29,144.07999999999998,81.51000000000002,1,1,1.0
185,2,207.9,247.56,95.80999999999997,46.56999999999999,1,1,1.0
185,7,290.94,236.29,144.07999999999998,81.51000000000002,1,1,1.0
186,2,207.9,247.56,95.80999999999997,46.56999999999999,1,1,1.0
186,7,278.69,237.01,144.07999999999998,81.50999999999999,1,1,1.0
187,2,207.9,247.56,95.80999999999997,46.56999999999999,1,1,1.0
187,7,266.45,237.73,144.07999999999998,81.51000000000002,1,1,1.0
188,2,207.9,247.56,95.80999999999997,46.56999999999999,1,1,1.0
188,7,254.2,238.46,144.07999999999998,81.49999999999997,1,1,1.0
189,2,207.9,247.56,95.80999999999997,46.56999999999999,1,1,1.0
189,7,242.85,237.91,144.08,81.51000000000002,1,1,1.0
190,2,207.9,247.56,95.80999999999997,46.56999999999999,1,1,1.0
190,7,231.51,237.37,144.07999999999998,81.50999999999999,1,1,1.0
